<chart>
symbol=GBPJPY
period=1
leftpos=21564
digits=2
scale=4
graph=1
fore=0
grid=1
volume=0
scroll=1
shift=1
ohlc=1
askline=0
days=0
descriptions=0
shift_size=10
fixed_pos=0
window_left=22
window_top=29
window_right=855
window_bottom=412
window_type=3
background_color=0
foreground_color=16777215
barup_color=65280
bardown_color=65280
bullcandle_color=0
bearcandle_color=16777215
chartline_color=65280
volumes_color=3329330
grid_color=5197615
askline_color=255
stops_color=255

<window>
height=122
<indicator>
name=main
<object>
type=10
object_name=Fibo 41466
period_flags=0
create_time=1197056506
color=255
style=2
weight=1
background=0
color2=11119017
style2=2
weight2=1
time_0=998784000
value_0=203.528426
time_1=999993600
value_1=196.990355
levels_ray=0
level_0=0.0000
description_0=0.0
level_1=0.2360
description_1=23.6
level_2=0.3820
description_2=38.2
level_3=0.5000
description_3=50.0
level_4=0.6180
description_4=61.8
level_5=1.0000
description_5=100.0
level_6=1.6180
description_6=161.8
level_7=2.6180
description_7=261.8
level_8=4.2360
description_8=423.6
level_9=-0.6180
description_9=-161.8
level_10=-0.2360
description_10=-123.6
level_11=-1.6180
description_11=261.8
level_12=0.7640
description_12=76.4
level_13=0.1180
description_13=11.8
level_14=0.8820
description_14=88.2
level_15=3.6180
description_15=361.8
level_16=-2.6180
description_16=-361.8
level_17=-0.6180
description_17=-161.8
level_18=-1.6180
description_18=-261.8
level_19=-0.2360
description_19=-123.6
level_20=1.2360
description_20=123.6
level_21=2.0000
description_21=200
level_22=-1.0000
description_22=-200
level_23=-3.2360
description_23=-423.6
</object>
<object>
type=15
object_name=Fibo Channel 41480
period_flags=0
create_time=1197056520
color=7059389
style=0
weight=1
background=0
color2=7059389
style2=2
weight2=1
time_0=985478400
value_0=196.990355
time_1=986688000
value_1=200.609645
time_2=985478400
value_2=206.190355
ray=1
level_0=0.6180
description_0=0.618
level_1=1.0000
description_1=1
level_2=1.6180
description_2=1.618
level_3=2.6180
description_3=2.618
level_4=-0.5000
description_4=C Å Ð Å Ä È Í À
level_5=0.0000
description_5=0
level_6=0.2360
description_6=0,236
level_7=0.3820
description_7=0,382
level_8=1.5000
description_8=1.5
level_9=-2.0000
description_9=-1
level_10=-1.2360
description_10=-0.236
level_11=-1.3820
description_11=0.382
level_12=-2.5000
description_12=-1.5
level_13=-2.6180
description_13=-1.618
level_14=-3.6180
description_14=-2.618
level_15=-1.6180
description_15=0.618
</object>
</indicator>
<indicator>
name=Custom Indicator
<expert>
name=i-CAi
flags=275
window_num=0
<inputs>
MA.Period=26
MA.method=0
MA.applied_price=0
</inputs>
</expert>
shift_0=0
draw_0=0
color_0=55295
style_0=2
weight_0=0
period_flags=0
show_data=1
</indicator>
<indicator>
name=Custom Indicator
<expert>
name=i-CAi
flags=275
window_num=0
<inputs>
MA.Period=130
MA.method=0
MA.applied_price=0
</inputs>
</expert>
shift_0=0
draw_0=0
color_0=16760576
style_0=2
weight_0=0
period_flags=0
show_data=1
</indicator>
<indicator>
name=Custom Indicator
<expert>
name=i-CAi
flags=275
window_num=0
<inputs>
MA.Period=650
MA.method=0
MA.applied_price=0
</inputs>
</expert>
shift_0=0
draw_0=0
color_0=16711935
style_0=2
weight_0=0
period_flags=0
show_data=1
</indicator>
</window>

<window>
height=28
<indicator>
name=Relative Strength Index
period=21
apply=0
color=10526303
style=0
weight=1
min=0.000000
max=100.000000
levels_color=5197615
levels_style=2
levels_weight=1
level_0=30.0000
level_1=70.0000
level_2=50.0000
period_flags=0
show_data=1
</indicator>
</window>
</chart>

